2022/05/04-20:32:37.123543 7fca9719ccc0 RocksDB version: 6.17.0
2022/05/04-20:32:37.123678 7fca9719ccc0 Git sha 0
2022/05/04-20:32:37.123747 7fca9719ccc0 DB SUMMARY
2022/05/04-20:32:37.123749 7fca9719ccc0 DB Session ID:  88Y24HG476VRWP7TWSZV
2022/05/04-20:32:37.123774 7fca9719ccc0 SST files in /home/capuzr/Documents/PrixerappW3/prixer-fe/.dfx/state/replicated_state/node-100/ic_consensus_pool/consensus dir, Total Num: 0, files: 
2022/05/04-20:32:37.123776 7fca9719ccc0 Write Ahead Log file in /home/capuzr/Documents/PrixerappW3/prixer-fe/.dfx/state/replicated_state/node-100/ic_consensus_pool/consensus: 
2022/05/04-20:32:37.123778 7fca9719ccc0                         Options.error_if_exists: 0
2022/05/04-20:32:37.123779 7fca9719ccc0                       Options.create_if_missing: 1
2022/05/04-20:32:37.123781 7fca9719ccc0                         Options.paranoid_checks: 1
2022/05/04-20:32:37.123782 7fca9719ccc0                               Options.track_and_verify_wals_in_manifest: 0
2022/05/04-20:32:37.123783 7fca9719ccc0                                     Options.env: 0x560c80fd7380
2022/05/04-20:32:37.123784 7fca9719ccc0                                      Options.fs: Posix File System
2022/05/04-20:32:37.123785 7fca9719ccc0                                Options.info_log: 0x560cbb032160
2022/05/04-20:32:37.123786 7fca9719ccc0                Options.max_file_opening_threads: 16
2022/05/04-20:32:37.123787 7fca9719ccc0                              Options.statistics: (nil)
2022/05/04-20:32:37.123789 7fca9719ccc0                               Options.use_fsync: 1
2022/05/04-20:32:37.123790 7fca9719ccc0                       Options.max_log_file_size: 0
2022/05/04-20:32:37.123791 7fca9719ccc0                  Options.max_manifest_file_size: 1073741824
2022/05/04-20:32:37.123792 7fca9719ccc0                   Options.log_file_time_to_roll: 0
2022/05/04-20:32:37.123793 7fca9719ccc0                       Options.keep_log_file_num: 1000
2022/05/04-20:32:37.123794 7fca9719ccc0                    Options.recycle_log_file_num: 0
2022/05/04-20:32:37.123795 7fca9719ccc0                         Options.allow_fallocate: 1
2022/05/04-20:32:37.123797 7fca9719ccc0                        Options.allow_mmap_reads: 0
2022/05/04-20:32:37.123798 7fca9719ccc0                       Options.allow_mmap_writes: 0
2022/05/04-20:32:37.123799 7fca9719ccc0                        Options.use_direct_reads: 0
2022/05/04-20:32:37.123800 7fca9719ccc0                        Options.use_direct_io_for_flush_and_compaction: 0
2022/05/04-20:32:37.123801 7fca9719ccc0          Options.create_missing_column_families: 1
2022/05/04-20:32:37.123802 7fca9719ccc0                              Options.db_log_dir: 
2022/05/04-20:32:37.123803 7fca9719ccc0                                 Options.wal_dir: /home/capuzr/Documents/PrixerappW3/prixer-fe/.dfx/state/replicated_state/node-100/ic_consensus_pool/consensus
2022/05/04-20:32:37.123804 7fca9719ccc0                Options.table_cache_numshardbits: 6
2022/05/04-20:32:37.123805 7fca9719ccc0                         Options.WAL_ttl_seconds: 0
2022/05/04-20:32:37.123806 7fca9719ccc0                       Options.WAL_size_limit_MB: 0
2022/05/04-20:32:37.123807 7fca9719ccc0                        Options.max_write_batch_group_size_bytes: 1048576
2022/05/04-20:32:37.123808 7fca9719ccc0             Options.manifest_preallocation_size: 4194304
2022/05/04-20:32:37.123809 7fca9719ccc0                     Options.is_fd_close_on_exec: 1
2022/05/04-20:32:37.123810 7fca9719ccc0                   Options.advise_random_on_open: 1
2022/05/04-20:32:37.123811 7fca9719ccc0                    Options.db_write_buffer_size: 0
2022/05/04-20:32:37.123812 7fca9719ccc0                    Options.write_buffer_manager: 0x560cbb060c30
2022/05/04-20:32:37.123813 7fca9719ccc0         Options.access_hint_on_compaction_start: 1
2022/05/04-20:32:37.123814 7fca9719ccc0  Options.new_table_reader_for_compaction_inputs: 0
2022/05/04-20:32:37.123815 7fca9719ccc0           Options.random_access_max_buffer_size: 1048576
2022/05/04-20:32:37.123816 7fca9719ccc0                      Options.use_adaptive_mutex: 0
2022/05/04-20:32:37.123817 7fca9719ccc0                            Options.rate_limiter: (nil)
2022/05/04-20:32:37.123831 7fca9719ccc0     Options.sst_file_manager.rate_bytes_per_sec: 0
2022/05/04-20:32:37.123833 7fca9719ccc0                       Options.wal_recovery_mode: 2
2022/05/04-20:32:37.123834 7fca9719ccc0                  Options.enable_thread_tracking: 0
2022/05/04-20:32:37.123835 7fca9719ccc0                  Options.enable_pipelined_write: 0
2022/05/04-20:32:37.123836 7fca9719ccc0                  Options.unordered_write: 0
2022/05/04-20:32:37.123837 7fca9719ccc0         Options.allow_concurrent_memtable_write: 1
2022/05/04-20:32:37.123838 7fca9719ccc0      Options.enable_write_thread_adaptive_yield: 1
2022/05/04-20:32:37.123839 7fca9719ccc0             Options.write_thread_max_yield_usec: 100
2022/05/04-20:32:37.123840 7fca9719ccc0            Options.write_thread_slow_yield_usec: 3
2022/05/04-20:32:37.123841 7fca9719ccc0                               Options.row_cache: None
2022/05/04-20:32:37.123842 7fca9719ccc0                              Options.wal_filter: None
2022/05/04-20:32:37.123843 7fca9719ccc0             Options.avoid_flush_during_recovery: 0
2022/05/04-20:32:37.123844 7fca9719ccc0             Options.allow_ingest_behind: 0
2022/05/04-20:32:37.123845 7fca9719ccc0             Options.preserve_deletes: 0
2022/05/04-20:32:37.123846 7fca9719ccc0             Options.two_write_queues: 0
2022/05/04-20:32:37.123847 7fca9719ccc0             Options.manual_wal_flush: 0
2022/05/04-20:32:37.123848 7fca9719ccc0             Options.atomic_flush: 0
2022/05/04-20:32:37.123849 7fca9719ccc0             Options.avoid_unnecessary_blocking_io: 0
2022/05/04-20:32:37.123849 7fca9719ccc0                 Options.persist_stats_to_disk: 0
2022/05/04-20:32:37.123850 7fca9719ccc0                 Options.write_dbid_to_manifest: 0
2022/05/04-20:32:37.123851 7fca9719ccc0                 Options.log_readahead_size: 0
2022/05/04-20:32:37.123852 7fca9719ccc0                 Options.file_checksum_gen_factory: Unknown
2022/05/04-20:32:37.123853 7fca9719ccc0                 Options.best_efforts_recovery: 0
2022/05/04-20:32:37.123854 7fca9719ccc0                Options.max_bgerror_resume_count: 2147483647
2022/05/04-20:32:37.123855 7fca9719ccc0            Options.bgerror_resume_retry_interval: 1000000
2022/05/04-20:32:37.123856 7fca9719ccc0             Options.allow_data_in_errors: 0
2022/05/04-20:32:37.123857 7fca9719ccc0             Options.db_host_id: __hostname__
2022/05/04-20:32:37.123857 7fca9719ccc0             Options.max_background_jobs: 2
2022/05/04-20:32:37.123858 7fca9719ccc0             Options.max_background_compactions: -1
2022/05/04-20:32:37.123860 7fca9719ccc0             Options.max_subcompactions: 1
2022/05/04-20:32:37.123861 7fca9719ccc0             Options.avoid_flush_during_shutdown: 0
2022/05/04-20:32:37.123862 7fca9719ccc0           Options.writable_file_max_buffer_size: 1048576
2022/05/04-20:32:37.123863 7fca9719ccc0             Options.delayed_write_rate : 16777216
2022/05/04-20:32:37.123864 7fca9719ccc0             Options.max_total_wal_size: 0
2022/05/04-20:32:37.123865 7fca9719ccc0             Options.delete_obsolete_files_period_micros: 21600000000
2022/05/04-20:32:37.123866 7fca9719ccc0                   Options.stats_dump_period_sec: 600
2022/05/04-20:32:37.123867 7fca9719ccc0                 Options.stats_persist_period_sec: 600
2022/05/04-20:32:37.123868 7fca9719ccc0                 Options.stats_history_buffer_size: 1048576
2022/05/04-20:32:37.123870 7fca9719ccc0                          Options.max_open_files: -1
2022/05/04-20:32:37.123871 7fca9719ccc0                          Options.bytes_per_sync: 0
2022/05/04-20:32:37.123872 7fca9719ccc0                      Options.wal_bytes_per_sync: 0
2022/05/04-20:32:37.123873 7fca9719ccc0                   Options.strict_bytes_per_sync: 0
2022/05/04-20:32:37.123875 7fca9719ccc0       Options.compaction_readahead_size: 0
2022/05/04-20:32:37.123876 7fca9719ccc0                  Options.max_background_flushes: -1
2022/05/04-20:32:37.123877 7fca9719ccc0 Compression algorithms supported:
2022/05/04-20:32:37.123888 7fca9719ccc0 	kZSTDNotFinalCompression supported: 1
2022/05/04-20:32:37.123897 7fca9719ccc0 	kZSTD supported: 1
2022/05/04-20:32:37.123899 7fca9719ccc0 	kXpressCompression supported: 0
2022/05/04-20:32:37.123901 7fca9719ccc0 	kLZ4HCCompression supported: 1
2022/05/04-20:32:37.123903 7fca9719ccc0 	kLZ4Compression supported: 1
2022/05/04-20:32:37.123904 7fca9719ccc0 	kBZip2Compression supported: 1
2022/05/04-20:32:37.123908 7fca9719ccc0 	kZlibCompression supported: 1
2022/05/04-20:32:37.123909 7fca9719ccc0 	kSnappyCompression supported: 1
2022/05/04-20:32:37.123912 7fca9719ccc0 Fast CRC32 supported: Supported on x86
2022/05/04-20:32:37.128303 7fca9719ccc0 [db/db_impl/db_impl_open.cc:283] Creating manifest 1 
2022/05/04-20:32:37.139098 7fca9719ccc0 [db/version_set.cc:4758] Recovering from manifest file: /home/capuzr/Documents/PrixerappW3/prixer-fe/.dfx/state/replicated_state/node-100/ic_consensus_pool/consensus/MANIFEST-000001
2022/05/04-20:32:37.139304 7fca9719ccc0 [db/column_family.cc:595] --------------- Options for column family [default]:
2022/05/04-20:32:37.139308 7fca9719ccc0               Options.comparator: leveldb.BytewiseComparator
2022/05/04-20:32:37.139310 7fca9719ccc0           Options.merge_operator: None
2022/05/04-20:32:37.139311 7fca9719ccc0        Options.compaction_filter: None
2022/05/04-20:32:37.139312 7fca9719ccc0        Options.compaction_filter_factory: None
2022/05/04-20:32:37.139314 7fca9719ccc0  Options.sst_partitioner_factory: None
2022/05/04-20:32:37.139315 7fca9719ccc0         Options.memtable_factory: SkipListFactory
2022/05/04-20:32:37.139316 7fca9719ccc0            Options.table_factory: BlockBasedTable
2022/05/04-20:32:37.139394 7fca9719ccc0            table_factory options:   flush_block_policy_factory: FlushBlockBySizePolicyFactory (0x560cbb05c900)
  cache_index_and_filter_blocks: 0
  cache_index_and_filter_blocks_with_high_priority: 1
  pin_l0_filter_and_index_blocks_in_cache: 0
  pin_top_level_index_and_filter: 1
  index_type: 0
  data_block_index_type: 0
  index_shortening: 1
  data_block_hash_table_util_ratio: 0.750000
  hash_index_allow_collision: 1
  checksum: 1
  no_block_cache: 0
  block_cache: 0x560cbb05c950
  block_cache_name: LRUCache
  block_cache_options:
    capacity : 8388608
    num_shard_bits : 4
    strict_capacity_limit : 0
    memory_allocator : None
    high_pri_pool_ratio: 0.000
  block_cache_compressed: (nil)
  persistent_cache: (nil)
  block_size: 4096
  block_size_deviation: 10
  block_restart_interval: 16
  index_block_restart_interval: 1
  metadata_block_size: 4096
  partition_filters: 0
  use_delta_encoding: 1
  filter_policy: nullptr
  whole_key_filtering: 1
  verify_compression: 0
  read_amp_bytes_per_bit: 0
  format_version: 4
  enable_index_compression: 1
  block_align: 0
2022/05/04-20:32:37.139402 7fca9719ccc0        Options.write_buffer_size: 67108864
2022/05/04-20:32:37.139403 7fca9719ccc0  Options.max_write_buffer_number: 2
2022/05/04-20:32:37.139404 7fca9719ccc0          Options.compression: Snappy
2022/05/04-20:32:37.139406 7fca9719ccc0                  Options.bottommost_compression: Disabled
2022/05/04-20:32:37.139407 7fca9719ccc0       Options.prefix_extractor: nullptr
2022/05/04-20:32:37.139408 7fca9719ccc0   Options.memtable_insert_with_hint_prefix_extractor: nullptr
2022/05/04-20:32:37.139409 7fca9719ccc0             Options.num_levels: 7
2022/05/04-20:32:37.139411 7fca9719ccc0        Options.min_write_buffer_number_to_merge: 1
2022/05/04-20:32:37.139412 7fca9719ccc0     Options.max_write_buffer_number_to_maintain: 0
2022/05/04-20:32:37.139413 7fca9719ccc0     Options.max_write_buffer_size_to_maintain: 0
2022/05/04-20:32:37.139414 7fca9719ccc0            Options.bottommost_compression_opts.window_bits: -14
2022/05/04-20:32:37.139415 7fca9719ccc0                  Options.bottommost_compression_opts.level: 32767
2022/05/04-20:32:37.139417 7fca9719ccc0               Options.bottommost_compression_opts.strategy: 0
2022/05/04-20:32:37.139418 7fca9719ccc0         Options.bottommost_compression_opts.max_dict_bytes: 0
2022/05/04-20:32:37.139446 7fca9719ccc0         Options.bottommost_compression_opts.zstd_max_train_bytes: 0
2022/05/04-20:32:37.139447 7fca9719ccc0         Options.bottommost_compression_opts.parallel_threads: 1
2022/05/04-20:32:37.139448 7fca9719ccc0                  Options.bottommost_compression_opts.enabled: false
2022/05/04-20:32:37.139450 7fca9719ccc0            Options.compression_opts.window_bits: -14
2022/05/04-20:32:37.139451 7fca9719ccc0                  Options.compression_opts.level: 32767
2022/05/04-20:32:37.139452 7fca9719ccc0               Options.compression_opts.strategy: 0
2022/05/04-20:32:37.139453 7fca9719ccc0         Options.compression_opts.max_dict_bytes: 0
2022/05/04-20:32:37.139454 7fca9719ccc0         Options.compression_opts.zstd_max_train_bytes: 0
2022/05/04-20:32:37.139456 7fca9719ccc0         Options.compression_opts.parallel_threads: 1
2022/05/04-20:32:37.139457 7fca9719ccc0                  Options.compression_opts.enabled: false
2022/05/04-20:32:37.139458 7fca9719ccc0      Options.level0_file_num_compaction_trigger: 4
2022/05/04-20:32:37.139459 7fca9719ccc0          Options.level0_slowdown_writes_trigger: 20
2022/05/04-20:32:37.139460 7fca9719ccc0              Options.level0_stop_writes_trigger: 36
2022/05/04-20:32:37.139461 7fca9719ccc0                   Options.target_file_size_base: 67108864
2022/05/04-20:32:37.139463 7fca9719ccc0             Options.target_file_size_multiplier: 1
2022/05/04-20:32:37.139464 7fca9719ccc0                Options.max_bytes_for_level_base: 268435456
2022/05/04-20:32:37.139465 7fca9719ccc0 Options.level_compaction_dynamic_level_bytes: 0
2022/05/04-20:32:37.139466 7fca9719ccc0          Options.max_bytes_for_level_multiplier: 10.000000
2022/05/04-20:32:37.139469 7fca9719ccc0 Options.max_bytes_for_level_multiplier_addtl[0]: 1
2022/05/04-20:32:37.139471 7fca9719ccc0 Options.max_bytes_for_level_multiplier_addtl[1]: 1
2022/05/04-20:32:37.139472 7fca9719ccc0 Options.max_bytes_for_level_multiplier_addtl[2]: 1
2022/05/04-20:32:37.139473 7fca9719ccc0 Options.max_bytes_for_level_multiplier_addtl[3]: 1
2022/05/04-20:32:37.139474 7fca9719ccc0 Options.max_bytes_for_level_multiplier_addtl[4]: 1
2022/05/04-20:32:37.139475 7fca9719ccc0 Options.max_bytes_for_level_multiplier_addtl[5]: 1
2022/05/04-20:32:37.139477 7fca9719ccc0 Options.max_bytes_for_level_multiplier_addtl[6]: 1
2022/05/04-20:32:37.139478 7fca9719ccc0       Options.max_sequential_skip_in_iterations: 8
2022/05/04-20:32:37.139479 7fca9719ccc0                    Options.max_compaction_bytes: 1677721600
2022/05/04-20:32:37.139480 7fca9719ccc0                        Options.arena_block_size: 8388608
2022/05/04-20:32:37.139481 7fca9719ccc0   Options.soft_pending_compaction_bytes_limit: 68719476736
2022/05/04-20:32:37.139483 7fca9719ccc0   Options.hard_pending_compaction_bytes_limit: 274877906944
2022/05/04-20:32:37.139484 7fca9719ccc0       Options.rate_limit_delay_max_milliseconds: 100
2022/05/04-20:32:37.139485 7fca9719ccc0                Options.disable_auto_compactions: 0
2022/05/04-20:32:37.139487 7fca9719ccc0                        Options.compaction_style: kCompactionStyleLevel
2022/05/04-20:32:37.139489 7fca9719ccc0                          Options.compaction_pri: kMinOverlappingRatio
2022/05/04-20:32:37.139490 7fca9719ccc0 Options.compaction_options_universal.size_ratio: 1
2022/05/04-20:32:37.139491 7fca9719ccc0 Options.compaction_options_universal.min_merge_width: 2
2022/05/04-20:32:37.139492 7fca9719ccc0 Options.compaction_options_universal.max_merge_width: 4294967295
2022/05/04-20:32:37.139493 7fca9719ccc0 Options.compaction_options_universal.max_size_amplification_percent: 200
2022/05/04-20:32:37.139494 7fca9719ccc0 Options.compaction_options_universal.compression_size_percent: -1
2022/05/04-20:32:37.139496 7fca9719ccc0 Options.compaction_options_universal.stop_style: kCompactionStopStyleTotalSize
2022/05/04-20:32:37.139497 7fca9719ccc0 Options.compaction_options_fifo.max_table_files_size: 1073741824
2022/05/04-20:32:37.139498 7fca9719ccc0 Options.compaction_options_fifo.allow_compaction: 0
2022/05/04-20:32:37.139505 7fca9719ccc0                   Options.table_properties_collectors: 
2022/05/04-20:32:37.139514 7fca9719ccc0                   Options.inplace_update_support: 0
2022/05/04-20:32:37.139516 7fca9719ccc0                 Options.inplace_update_num_locks: 10000
2022/05/04-20:32:37.139517 7fca9719ccc0               Options.memtable_prefix_bloom_size_ratio: 0.000000
2022/05/04-20:32:37.139518 7fca9719ccc0               Options.memtable_whole_key_filtering: 0
2022/05/04-20:32:37.139520 7fca9719ccc0   Options.memtable_huge_page_size: 0
2022/05/04-20:32:37.139521 7fca9719ccc0                           Options.bloom_locality: 0
2022/05/04-20:32:37.139522 7fca9719ccc0                    Options.max_successive_merges: 0
2022/05/04-20:32:37.139523 7fca9719ccc0                Options.optimize_filters_for_hits: 0
2022/05/04-20:32:37.139524 7fca9719ccc0                Options.paranoid_file_checks: 0
2022/05/04-20:32:37.139525 7fca9719ccc0                Options.force_consistency_checks: 1
2022/05/04-20:32:37.139526 7fca9719ccc0                Options.report_bg_io_stats: 0
2022/05/04-20:32:37.139528 7fca9719ccc0                               Options.ttl: 2592000
2022/05/04-20:32:37.139529 7fca9719ccc0          Options.periodic_compaction_seconds: 0
2022/05/04-20:32:37.139530 7fca9719ccc0                    Options.enable_blob_files: false
2022/05/04-20:32:37.139531 7fca9719ccc0                        Options.min_blob_size: 0
2022/05/04-20:32:37.139532 7fca9719ccc0                       Options.blob_file_size: 268435456
2022/05/04-20:32:37.139534 7fca9719ccc0                Options.blob_compression_type: NoCompression
2022/05/04-20:32:37.139535 7fca9719ccc0       Options.enable_blob_garbage_collection: false
2022/05/04-20:32:37.139536 7fca9719ccc0   Options.blob_garbage_collection_age_cutoff: 0.250000
2022/05/04-20:32:37.140416 7fca9719ccc0 [db/version_set.cc:4798] Recovered from manifest file:/home/capuzr/Documents/PrixerappW3/prixer-fe/.dfx/state/replicated_state/node-100/ic_consensus_pool/consensus/MANIFEST-000001 succeeded,manifest_file_number is 1, next_file_number is 3, last_sequence is 0, log_number is 0,prev_log_number is 0,max_column_family is 0,min_log_number_to_keep is 0
2022/05/04-20:32:37.140423 7fca9719ccc0 [db/version_set.cc:4813] Column family [default] (ID 0), log number is 0
2022/05/04-20:32:37.140515 7fca9719ccc0 [db/version_set.cc:4112] Creating manifest 3
2022/05/04-20:32:37.154985 7fca9719ccc0 [db/column_family.cc:595] --------------- Options for column family [RB]:
2022/05/04-20:32:37.155004 7fca9719ccc0               Options.comparator: leveldb.BytewiseComparator
2022/05/04-20:32:37.155010 7fca9719ccc0           Options.merge_operator: None
2022/05/04-20:32:37.155015 7fca9719ccc0        Options.compaction_filter: filter_outdated
2022/05/04-20:32:37.155020 7fca9719ccc0        Options.compaction_filter_factory: None
2022/05/04-20:32:37.155024 7fca9719ccc0  Options.sst_partitioner_factory: None
2022/05/04-20:32:37.155028 7fca9719ccc0         Options.memtable_factory: SkipListFactory
2022/05/04-20:32:37.155033 7fca9719ccc0            Options.table_factory: BlockBasedTable
2022/05/04-20:32:37.155119 7fca9719ccc0            table_factory options:   flush_block_policy_factory: FlushBlockBySizePolicyFactory (0x560cbb042e00)
  cache_index_and_filter_blocks: 0
  cache_index_and_filter_blocks_with_high_priority: 1
  pin_l0_filter_and_index_blocks_in_cache: 0
  pin_top_level_index_and_filter: 1
  index_type: 0
  data_block_index_type: 0
  index_shortening: 1
  data_block_hash_table_util_ratio: 0.750000
  hash_index_allow_collision: 1
  checksum: 1
  no_block_cache: 0
  block_cache: 0x560cbb042e50
  block_cache_name: LRUCache
  block_cache_options:
    capacity : 8388608
    num_shard_bits : 4
    strict_capacity_limit : 0
    memory_allocator : None
    high_pri_pool_ratio: 0.000
  block_cache_compressed: (nil)
  persistent_cache: (nil)
  block_size: 4096
  block_size_deviation: 10
  block_restart_interval: 16
  index_block_restart_interval: 1
  metadata_block_size: 4096
  partition_filters: 0
  use_delta_encoding: 1
  filter_policy: nullptr
  whole_key_filtering: 1
  verify_compression: 0
  read_amp_bytes_per_bit: 0
  format_version: 4
  enable_index_compression: 1
  block_align: 0
2022/05/04-20:32:37.155126 7fca9719ccc0        Options.write_buffer_size: 67108864
2022/05/04-20:32:37.155130 7fca9719ccc0  Options.max_write_buffer_number: 2
2022/05/04-20:32:37.155134 7fca9719ccc0          Options.compression: NoCompression
2022/05/04-20:32:37.155139 7fca9719ccc0                  Options.bottommost_compression: Disabled
2022/05/04-20:32:37.155143 7fca9719ccc0       Options.prefix_extractor: nullptr
2022/05/04-20:32:37.155146 7fca9719ccc0   Options.memtable_insert_with_hint_prefix_extractor: nullptr
2022/05/04-20:32:37.155150 7fca9719ccc0             Options.num_levels: 7
2022/05/04-20:32:37.155154 7fca9719ccc0        Options.min_write_buffer_number_to_merge: 1
2022/05/04-20:32:37.155158 7fca9719ccc0     Options.max_write_buffer_number_to_maintain: 0
2022/05/04-20:32:37.155162 7fca9719ccc0     Options.max_write_buffer_size_to_maintain: 0
2022/05/04-20:32:37.155166 7fca9719ccc0            Options.bottommost_compression_opts.window_bits: -14
2022/05/04-20:32:37.155170 7fca9719ccc0                  Options.bottommost_compression_opts.level: 32767
2022/05/04-20:32:37.155174 7fca9719ccc0               Options.bottommost_compression_opts.strategy: 0
2022/05/04-20:32:37.155178 7fca9719ccc0         Options.bottommost_compression_opts.max_dict_bytes: 0
2022/05/04-20:32:37.155182 7fca9719ccc0         Options.bottommost_compression_opts.zstd_max_train_bytes: 0
2022/05/04-20:32:37.155186 7fca9719ccc0         Options.bottommost_compression_opts.parallel_threads: 1
2022/05/04-20:32:37.155189 7fca9719ccc0                  Options.bottommost_compression_opts.enabled: false
2022/05/04-20:32:37.155192 7fca9719ccc0            Options.compression_opts.window_bits: -14
2022/05/04-20:32:37.155195 7fca9719ccc0                  Options.compression_opts.level: 32767
2022/05/04-20:32:37.155199 7fca9719ccc0               Options.compression_opts.strategy: 0
2022/05/04-20:32:37.155203 7fca9719ccc0         Options.compression_opts.max_dict_bytes: 0
2022/05/04-20:32:37.155207 7fca9719ccc0         Options.compression_opts.zstd_max_train_bytes: 0
2022/05/04-20:32:37.155210 7fca9719ccc0         Options.compression_opts.parallel_threads: 1
2022/05/04-20:32:37.155214 7fca9719ccc0                  Options.compression_opts.enabled: false
2022/05/04-20:32:37.155271 7fca9719ccc0      Options.level0_file_num_compaction_trigger: 4
2022/05/04-20:32:37.155276 7fca9719ccc0          Options.level0_slowdown_writes_trigger: 20
2022/05/04-20:32:37.155279 7fca9719ccc0              Options.level0_stop_writes_trigger: 36
2022/05/04-20:32:37.155283 7fca9719ccc0                   Options.target_file_size_base: 67108864
2022/05/04-20:32:37.155286 7fca9719ccc0             Options.target_file_size_multiplier: 1
2022/05/04-20:32:37.155290 7fca9719ccc0                Options.max_bytes_for_level_base: 268435456
2022/05/04-20:32:37.155294 7fca9719ccc0 Options.level_compaction_dynamic_level_bytes: 0
2022/05/04-20:32:37.155298 7fca9719ccc0          Options.max_bytes_for_level_multiplier: 10.000000
2022/05/04-20:32:37.155307 7fca9719ccc0 Options.max_bytes_for_level_multiplier_addtl[0]: 1
2022/05/04-20:32:37.155312 7fca9719ccc0 Options.max_bytes_for_level_multiplier_addtl[1]: 1
2022/05/04-20:32:37.155316 7fca9719ccc0 Options.max_bytes_for_level_multiplier_addtl[2]: 1
2022/05/04-20:32:37.155321 7fca9719ccc0 Options.max_bytes_for_level_multiplier_addtl[3]: 1
2022/05/04-20:32:37.155325 7fca9719ccc0 Options.max_bytes_for_level_multiplier_addtl[4]: 1
2022/05/04-20:32:37.155330 7fca9719ccc0 Options.max_bytes_for_level_multiplier_addtl[5]: 1
2022/05/04-20:32:37.155334 7fca9719ccc0 Options.max_bytes_for_level_multiplier_addtl[6]: 1
2022/05/04-20:32:37.155339 7fca9719ccc0       Options.max_sequential_skip_in_iterations: 8
2022/05/04-20:32:37.155343 7fca9719ccc0                    Options.max_compaction_bytes: 1677721600
2022/05/04-20:32:37.155347 7fca9719ccc0                        Options.arena_block_size: 8388608
2022/05/04-20:32:37.155352 7fca9719ccc0   Options.soft_pending_compaction_bytes_limit: 68719476736
2022/05/04-20:32:37.155357 7fca9719ccc0   Options.hard_pending_compaction_bytes_limit: 274877906944
2022/05/04-20:32:37.155361 7fca9719ccc0       Options.rate_limit_delay_max_milliseconds: 100
2022/05/04-20:32:37.155365 7fca9719ccc0                Options.disable_auto_compactions: 1
2022/05/04-20:32:37.155372 7fca9719ccc0                        Options.compaction_style: kCompactionStyleLevel
2022/05/04-20:32:37.155377 7fca9719ccc0                          Options.compaction_pri: kMinOverlappingRatio
2022/05/04-20:32:37.155382 7fca9719ccc0 Options.compaction_options_universal.size_ratio: 1
2022/05/04-20:32:37.155386 7fca9719ccc0 Options.compaction_options_universal.min_merge_width: 2
2022/05/04-20:32:37.155390 7fca9719ccc0 Options.compaction_options_universal.max_merge_width: 4294967295
2022/05/04-20:32:37.155395 7fca9719ccc0 Options.compaction_options_universal.max_size_amplification_percent: 200
2022/05/04-20:32:37.155399 7fca9719ccc0 Options.compaction_options_universal.compression_size_percent: -1
2022/05/04-20:32:37.155405 7fca9719ccc0 Options.compaction_options_universal.stop_style: kCompactionStopStyleTotalSize
2022/05/04-20:32:37.155410 7fca9719ccc0 Options.compaction_options_fifo.max_table_files_size: 1073741824
2022/05/04-20:32:37.155414 7fca9719ccc0 Options.compaction_options_fifo.allow_compaction: 0
2022/05/04-20:32:37.155429 7fca9719ccc0                   Options.table_properties_collectors: 
2022/05/04-20:32:37.155434 7fca9719ccc0                   Options.inplace_update_support: 0
2022/05/04-20:32:37.155439 7fca9719ccc0                 Options.inplace_update_num_locks: 10000
2022/05/04-20:32:37.155443 7fca9719ccc0               Options.memtable_prefix_bloom_size_ratio: 0.000000
2022/05/04-20:32:37.155449 7fca9719ccc0               Options.memtable_whole_key_filtering: 0
2022/05/04-20:32:37.155453 7fca9719ccc0   Options.memtable_huge_page_size: 0
2022/05/04-20:32:37.155457 7fca9719ccc0                           Options.bloom_locality: 0
2022/05/04-20:32:37.155461 7fca9719ccc0                    Options.max_successive_merges: 0
2022/05/04-20:32:37.155466 7fca9719ccc0                Options.optimize_filters_for_hits: 0
2022/05/04-20:32:37.155470 7fca9719ccc0                Options.paranoid_file_checks: 0
2022/05/04-20:32:37.155474 7fca9719ccc0                Options.force_consistency_checks: 1
2022/05/04-20:32:37.155500 7fca9719ccc0                Options.report_bg_io_stats: 0
2022/05/04-20:32:37.155505 7fca9719ccc0                               Options.ttl: 2592000
2022/05/04-20:32:37.155509 7fca9719ccc0          Options.periodic_compaction_seconds: 2592000
2022/05/04-20:32:37.155513 7fca9719ccc0                    Options.enable_blob_files: false
2022/05/04-20:32:37.155517 7fca9719ccc0                        Options.min_blob_size: 0
2022/05/04-20:32:37.155522 7fca9719ccc0                       Options.blob_file_size: 268435456
2022/05/04-20:32:37.155526 7fca9719ccc0                Options.blob_compression_type: NoCompression
2022/05/04-20:32:37.155531 7fca9719ccc0       Options.enable_blob_garbage_collection: false
2022/05/04-20:32:37.155535 7fca9719ccc0   Options.blob_garbage_collection_age_cutoff: 0.250000
2022/05/04-20:32:37.155651 7fca9719ccc0 [db/db_impl/db_impl.cc:2654] Created column family [RB] (ID 1)
2022/05/04-20:32:37.166665 7fca9719ccc0 [db/column_family.cc:595] --------------- Options for column family [FZ]:
2022/05/04-20:32:37.166706 7fca9719ccc0               Options.comparator: leveldb.BytewiseComparator
2022/05/04-20:32:37.166710 7fca9719ccc0           Options.merge_operator: None
2022/05/04-20:32:37.166714 7fca9719ccc0        Options.compaction_filter: filter_outdated
2022/05/04-20:32:37.166716 7fca9719ccc0        Options.compaction_filter_factory: None
2022/05/04-20:32:37.166719 7fca9719ccc0  Options.sst_partitioner_factory: None
2022/05/04-20:32:37.166721 7fca9719ccc0         Options.memtable_factory: SkipListFactory
2022/05/04-20:32:37.166724 7fca9719ccc0            Options.table_factory: BlockBasedTable
2022/05/04-20:32:37.166782 7fca9719ccc0            table_factory options:   flush_block_policy_factory: FlushBlockBySizePolicyFactory (0x560cbb045040)
  cache_index_and_filter_blocks: 0
  cache_index_and_filter_blocks_with_high_priority: 1
  pin_l0_filter_and_index_blocks_in_cache: 0
  pin_top_level_index_and_filter: 1
  index_type: 0
  data_block_index_type: 0
  index_shortening: 1
  data_block_hash_table_util_ratio: 0.750000
  hash_index_allow_collision: 1
  checksum: 1
  no_block_cache: 0
  block_cache: 0x560cbb045090
  block_cache_name: LRUCache
  block_cache_options:
    capacity : 8388608
    num_shard_bits : 4
    strict_capacity_limit : 0
    memory_allocator : None
    high_pri_pool_ratio: 0.000
  block_cache_compressed: (nil)
  persistent_cache: (nil)
  block_size: 4096
  block_size_deviation: 10
  block_restart_interval: 16
  index_block_restart_interval: 1
  metadata_block_size: 4096
  partition_filters: 0
  use_delta_encoding: 1
  filter_policy: nullptr
  whole_key_filtering: 1
  verify_compression: 0
  read_amp_bytes_per_bit: 0
  format_version: 4
  enable_index_compression: 1
  block_align: 0
2022/05/04-20:32:37.166785 7fca9719ccc0        Options.write_buffer_size: 67108864
2022/05/04-20:32:37.166787 7fca9719ccc0  Options.max_write_buffer_number: 2
2022/05/04-20:32:37.166789 7fca9719ccc0          Options.compression: NoCompression
2022/05/04-20:32:37.166790 7fca9719ccc0                  Options.bottommost_compression: Disabled
2022/05/04-20:32:37.166792 7fca9719ccc0       Options.prefix_extractor: nullptr
2022/05/04-20:32:37.166793 7fca9719ccc0   Options.memtable_insert_with_hint_prefix_extractor: nullptr
2022/05/04-20:32:37.166795 7fca9719ccc0             Options.num_levels: 7
2022/05/04-20:32:37.166797 7fca9719ccc0        Options.min_write_buffer_number_to_merge: 1
2022/05/04-20:32:37.166798 7fca9719ccc0     Options.max_write_buffer_number_to_maintain: 0
2022/05/04-20:32:37.166800 7fca9719ccc0     Options.max_write_buffer_size_to_maintain: 0
2022/05/04-20:32:37.166801 7fca9719ccc0            Options.bottommost_compression_opts.window_bits: -14
2022/05/04-20:32:37.166803 7fca9719ccc0                  Options.bottommost_compression_opts.level: 32767
2022/05/04-20:32:37.166805 7fca9719ccc0               Options.bottommost_compression_opts.strategy: 0
2022/05/04-20:32:37.166806 7fca9719ccc0         Options.bottommost_compression_opts.max_dict_bytes: 0
2022/05/04-20:32:37.166808 7fca9719ccc0         Options.bottommost_compression_opts.zstd_max_train_bytes: 0
2022/05/04-20:32:37.166809 7fca9719ccc0         Options.bottommost_compression_opts.parallel_threads: 1
2022/05/04-20:32:37.166811 7fca9719ccc0                  Options.bottommost_compression_opts.enabled: false
2022/05/04-20:32:37.166813 7fca9719ccc0            Options.compression_opts.window_bits: -14
2022/05/04-20:32:37.166814 7fca9719ccc0                  Options.compression_opts.level: 32767
2022/05/04-20:32:37.166816 7fca9719ccc0               Options.compression_opts.strategy: 0
2022/05/04-20:32:37.166818 7fca9719ccc0         Options.compression_opts.max_dict_bytes: 0
2022/05/04-20:32:37.166819 7fca9719ccc0         Options.compression_opts.zstd_max_train_bytes: 0
2022/05/04-20:32:37.166821 7fca9719ccc0         Options.compression_opts.parallel_threads: 1
2022/05/04-20:32:37.166822 7fca9719ccc0                  Options.compression_opts.enabled: false
2022/05/04-20:32:37.166845 7fca9719ccc0      Options.level0_file_num_compaction_trigger: 4
2022/05/04-20:32:37.166846 7fca9719ccc0          Options.level0_slowdown_writes_trigger: 20
2022/05/04-20:32:37.166848 7fca9719ccc0              Options.level0_stop_writes_trigger: 36
2022/05/04-20:32:37.166849 7fca9719ccc0                   Options.target_file_size_base: 67108864
2022/05/04-20:32:37.166851 7fca9719ccc0             Options.target_file_size_multiplier: 1
2022/05/04-20:32:37.166853 7fca9719ccc0                Options.max_bytes_for_level_base: 268435456
2022/05/04-20:32:37.166854 7fca9719ccc0 Options.level_compaction_dynamic_level_bytes: 0
2022/05/04-20:32:37.166856 7fca9719ccc0          Options.max_bytes_for_level_multiplier: 10.000000
2022/05/04-20:32:37.166860 7fca9719ccc0 Options.max_bytes_for_level_multiplier_addtl[0]: 1
2022/05/04-20:32:37.166862 7fca9719ccc0 Options.max_bytes_for_level_multiplier_addtl[1]: 1
2022/05/04-20:32:37.166863 7fca9719ccc0 Options.max_bytes_for_level_multiplier_addtl[2]: 1
2022/05/04-20:32:37.166865 7fca9719ccc0 Options.max_bytes_for_level_multiplier_addtl[3]: 1
2022/05/04-20:32:37.166866 7fca9719ccc0 Options.max_bytes_for_level_multiplier_addtl[4]: 1
2022/05/04-20:32:37.166868 7fca9719ccc0 Options.max_bytes_for_level_multiplier_addtl[5]: 1
2022/05/04-20:32:37.166869 7fca9719ccc0 Options.max_bytes_for_level_multiplier_addtl[6]: 1
2022/05/04-20:32:37.166871 7fca9719ccc0       Options.max_sequential_skip_in_iterations: 8
2022/05/04-20:32:37.166872 7fca9719ccc0                    Options.max_compaction_bytes: 1677721600
2022/05/04-20:32:37.166874 7fca9719ccc0                        Options.arena_block_size: 8388608
2022/05/04-20:32:37.166876 7fca9719ccc0   Options.soft_pending_compaction_bytes_limit: 68719476736
2022/05/04-20:32:37.166877 7fca9719ccc0   Options.hard_pending_compaction_bytes_limit: 274877906944
2022/05/04-20:32:37.166879 7fca9719ccc0       Options.rate_limit_delay_max_milliseconds: 100
2022/05/04-20:32:37.166880 7fca9719ccc0                Options.disable_auto_compactions: 1
2022/05/04-20:32:37.166883 7fca9719ccc0                        Options.compaction_style: kCompactionStyleLevel
2022/05/04-20:32:37.166885 7fca9719ccc0                          Options.compaction_pri: kMinOverlappingRatio
2022/05/04-20:32:37.166887 7fca9719ccc0 Options.compaction_options_universal.size_ratio: 1
2022/05/04-20:32:37.166888 7fca9719ccc0 Options.compaction_options_universal.min_merge_width: 2
2022/05/04-20:32:37.166890 7fca9719ccc0 Options.compaction_options_universal.max_merge_width: 4294967295
2022/05/04-20:32:37.166892 7fca9719ccc0 Options.compaction_options_universal.max_size_amplification_percent: 200
2022/05/04-20:32:37.166893 7fca9719ccc0 Options.compaction_options_universal.compression_size_percent: -1
2022/05/04-20:32:37.166895 7fca9719ccc0 Options.compaction_options_universal.stop_style: kCompactionStopStyleTotalSize
2022/05/04-20:32:37.166897 7fca9719ccc0 Options.compaction_options_fifo.max_table_files_size: 1073741824
2022/05/04-20:32:37.166898 7fca9719ccc0 Options.compaction_options_fifo.allow_compaction: 0
2022/05/04-20:32:37.166907 7fca9719ccc0                   Options.table_properties_collectors: 
2022/05/04-20:32:37.166910 7fca9719ccc0                   Options.inplace_update_support: 0
2022/05/04-20:32:37.166918 7fca9719ccc0                 Options.inplace_update_num_locks: 10000
2022/05/04-20:32:37.166923 7fca9719ccc0               Options.memtable_prefix_bloom_size_ratio: 0.000000
2022/05/04-20:32:37.166928 7fca9719ccc0               Options.memtable_whole_key_filtering: 0
2022/05/04-20:32:37.166930 7fca9719ccc0   Options.memtable_huge_page_size: 0
2022/05/04-20:32:37.166949 7fca9719ccc0                           Options.bloom_locality: 0
2022/05/04-20:32:37.166951 7fca9719ccc0                    Options.max_successive_merges: 0
2022/05/04-20:32:37.166954 7fca9719ccc0                Options.optimize_filters_for_hits: 0
2022/05/04-20:32:37.166956 7fca9719ccc0                Options.paranoid_file_checks: 0
2022/05/04-20:32:37.166959 7fca9719ccc0                Options.force_consistency_checks: 1
2022/05/04-20:32:37.166986 7fca9719ccc0                Options.report_bg_io_stats: 0
2022/05/04-20:32:37.166988 7fca9719ccc0                               Options.ttl: 2592000
2022/05/04-20:32:37.166990 7fca9719ccc0          Options.periodic_compaction_seconds: 2592000
2022/05/04-20:32:37.166992 7fca9719ccc0                    Options.enable_blob_files: false
2022/05/04-20:32:37.166993 7fca9719ccc0                        Options.min_blob_size: 0
2022/05/04-20:32:37.166995 7fca9719ccc0                       Options.blob_file_size: 268435456
2022/05/04-20:32:37.166997 7fca9719ccc0                Options.blob_compression_type: NoCompression
2022/05/04-20:32:37.166998 7fca9719ccc0       Options.enable_blob_garbage_collection: false
2022/05/04-20:32:37.167000 7fca9719ccc0   Options.blob_garbage_collection_age_cutoff: 0.250000
2022/05/04-20:32:37.167082 7fca9719ccc0 [db/db_impl/db_impl.cc:2654] Created column family [FZ] (ID 2)
2022/05/04-20:32:37.176331 7fca9719ccc0 [db/column_family.cc:595] --------------- Options for column family [NZ]:
2022/05/04-20:32:37.176340 7fca9719ccc0               Options.comparator: leveldb.BytewiseComparator
2022/05/04-20:32:37.176342 7fca9719ccc0           Options.merge_operator: None
2022/05/04-20:32:37.176344 7fca9719ccc0        Options.compaction_filter: filter_outdated
2022/05/04-20:32:37.176345 7fca9719ccc0        Options.compaction_filter_factory: None
2022/05/04-20:32:37.176346 7fca9719ccc0  Options.sst_partitioner_factory: None
2022/05/04-20:32:37.176347 7fca9719ccc0         Options.memtable_factory: SkipListFactory
2022/05/04-20:32:37.176348 7fca9719ccc0            Options.table_factory: BlockBasedTable
2022/05/04-20:32:37.176377 7fca9719ccc0            table_factory options:   flush_block_policy_factory: FlushBlockBySizePolicyFactory (0x560cbb047280)
  cache_index_and_filter_blocks: 0
  cache_index_and_filter_blocks_with_high_priority: 1
  pin_l0_filter_and_index_blocks_in_cache: 0
  pin_top_level_index_and_filter: 1
  index_type: 0
  data_block_index_type: 0
  index_shortening: 1
  data_block_hash_table_util_ratio: 0.750000
  hash_index_allow_collision: 1
  checksum: 1
  no_block_cache: 0
  block_cache: 0x560cbb0472d0
  block_cache_name: LRUCache
  block_cache_options:
    capacity : 8388608
    num_shard_bits : 4
    strict_capacity_limit : 0
    memory_allocator : None
    high_pri_pool_ratio: 0.000
  block_cache_compressed: (nil)
  persistent_cache: (nil)
  block_size: 4096
  block_size_deviation: 10
  block_restart_interval: 16
  index_block_restart_interval: 1
  metadata_block_size: 4096
  partition_filters: 0
  use_delta_encoding: 1
  filter_policy: nullptr
  whole_key_filtering: 1
  verify_compression: 0
  read_amp_bytes_per_bit: 0
  format_version: 4
  enable_index_compression: 1
  block_align: 0
2022/05/04-20:32:37.176381 7fca9719ccc0        Options.write_buffer_size: 67108864
2022/05/04-20:32:37.176382 7fca9719ccc0  Options.max_write_buffer_number: 2
2022/05/04-20:32:37.176383 7fca9719ccc0          Options.compression: NoCompression
2022/05/04-20:32:37.176384 7fca9719ccc0                  Options.bottommost_compression: Disabled
2022/05/04-20:32:37.176385 7fca9719ccc0       Options.prefix_extractor: nullptr
2022/05/04-20:32:37.176386 7fca9719ccc0   Options.memtable_insert_with_hint_prefix_extractor: nullptr
2022/05/04-20:32:37.176387 7fca9719ccc0             Options.num_levels: 7
2022/05/04-20:32:37.176388 7fca9719ccc0        Options.min_write_buffer_number_to_merge: 1
2022/05/04-20:32:37.176389 7fca9719ccc0     Options.max_write_buffer_number_to_maintain: 0
2022/05/04-20:32:37.176390 7fca9719ccc0     Options.max_write_buffer_size_to_maintain: 0
