2022/05/04-20:32:37.342292 7fca9719ccc0 RocksDB version: 6.17.0
2022/05/04-20:32:37.342339 7fca9719ccc0 Git sha 0
2022/05/04-20:32:37.342385 7fca9719ccc0 DB SUMMARY
2022/05/04-20:32:37.342386 7fca9719ccc0 DB Session ID:  V9CJ0D452R7GCDWG0O9D
2022/05/04-20:32:37.342401 7fca9719ccc0 SST files in /home/capuzr/Documents/PrixerappW3/prixer-fe/.dfx/state/replicated_state/node-100/ic_consensus_pool/certification dir, Total Num: 0, files: 
2022/05/04-20:32:37.342403 7fca9719ccc0 Write Ahead Log file in /home/capuzr/Documents/PrixerappW3/prixer-fe/.dfx/state/replicated_state/node-100/ic_consensus_pool/certification: 
2022/05/04-20:32:37.342404 7fca9719ccc0                         Options.error_if_exists: 0
2022/05/04-20:32:37.342405 7fca9719ccc0                       Options.create_if_missing: 1
2022/05/04-20:32:37.342406 7fca9719ccc0                         Options.paranoid_checks: 1
2022/05/04-20:32:37.342407 7fca9719ccc0                               Options.track_and_verify_wals_in_manifest: 0
2022/05/04-20:32:37.342407 7fca9719ccc0                                     Options.env: 0x560c80fd7380
2022/05/04-20:32:37.342409 7fca9719ccc0                                      Options.fs: Posix File System
2022/05/04-20:32:37.342409 7fca9719ccc0                                Options.info_log: 0x560cbb1c5580
2022/05/04-20:32:37.342410 7fca9719ccc0                Options.max_file_opening_threads: 16
2022/05/04-20:32:37.342411 7fca9719ccc0                              Options.statistics: (nil)
2022/05/04-20:32:37.342412 7fca9719ccc0                               Options.use_fsync: 1
2022/05/04-20:32:37.342412 7fca9719ccc0                       Options.max_log_file_size: 0
2022/05/04-20:32:37.342413 7fca9719ccc0                  Options.max_manifest_file_size: 1073741824
2022/05/04-20:32:37.342414 7fca9719ccc0                   Options.log_file_time_to_roll: 0
2022/05/04-20:32:37.342415 7fca9719ccc0                       Options.keep_log_file_num: 1000
2022/05/04-20:32:37.342416 7fca9719ccc0                    Options.recycle_log_file_num: 0
2022/05/04-20:32:37.342416 7fca9719ccc0                         Options.allow_fallocate: 1
2022/05/04-20:32:37.342417 7fca9719ccc0                        Options.allow_mmap_reads: 0
2022/05/04-20:32:37.342418 7fca9719ccc0                       Options.allow_mmap_writes: 0
2022/05/04-20:32:37.342418 7fca9719ccc0                        Options.use_direct_reads: 0
2022/05/04-20:32:37.342419 7fca9719ccc0                        Options.use_direct_io_for_flush_and_compaction: 0
2022/05/04-20:32:37.342420 7fca9719ccc0          Options.create_missing_column_families: 1
2022/05/04-20:32:37.342421 7fca9719ccc0                              Options.db_log_dir: 
2022/05/04-20:32:37.342421 7fca9719ccc0                                 Options.wal_dir: /home/capuzr/Documents/PrixerappW3/prixer-fe/.dfx/state/replicated_state/node-100/ic_consensus_pool/certification
2022/05/04-20:32:37.342422 7fca9719ccc0                Options.table_cache_numshardbits: 6
2022/05/04-20:32:37.342423 7fca9719ccc0                         Options.WAL_ttl_seconds: 0
2022/05/04-20:32:37.342424 7fca9719ccc0                       Options.WAL_size_limit_MB: 0
2022/05/04-20:32:37.342424 7fca9719ccc0                        Options.max_write_batch_group_size_bytes: 1048576
2022/05/04-20:32:37.342425 7fca9719ccc0             Options.manifest_preallocation_size: 4194304
2022/05/04-20:32:37.342426 7fca9719ccc0                     Options.is_fd_close_on_exec: 1
2022/05/04-20:32:37.342427 7fca9719ccc0                   Options.advise_random_on_open: 1
2022/05/04-20:32:37.342427 7fca9719ccc0                    Options.db_write_buffer_size: 0
2022/05/04-20:32:37.342428 7fca9719ccc0                    Options.write_buffer_manager: 0x560cbb0e9670
2022/05/04-20:32:37.342429 7fca9719ccc0         Options.access_hint_on_compaction_start: 1
2022/05/04-20:32:37.342429 7fca9719ccc0  Options.new_table_reader_for_compaction_inputs: 0
2022/05/04-20:32:37.342430 7fca9719ccc0           Options.random_access_max_buffer_size: 1048576
2022/05/04-20:32:37.342431 7fca9719ccc0                      Options.use_adaptive_mutex: 0
2022/05/04-20:32:37.342432 7fca9719ccc0                            Options.rate_limiter: (nil)
2022/05/04-20:32:37.342443 7fca9719ccc0     Options.sst_file_manager.rate_bytes_per_sec: 0
2022/05/04-20:32:37.342444 7fca9719ccc0                       Options.wal_recovery_mode: 2
2022/05/04-20:32:37.342445 7fca9719ccc0                  Options.enable_thread_tracking: 0
2022/05/04-20:32:37.342445 7fca9719ccc0                  Options.enable_pipelined_write: 0
2022/05/04-20:32:37.342446 7fca9719ccc0                  Options.unordered_write: 0
2022/05/04-20:32:37.342447 7fca9719ccc0         Options.allow_concurrent_memtable_write: 1
2022/05/04-20:32:37.342448 7fca9719ccc0      Options.enable_write_thread_adaptive_yield: 1
2022/05/04-20:32:37.342448 7fca9719ccc0             Options.write_thread_max_yield_usec: 100
2022/05/04-20:32:37.342449 7fca9719ccc0            Options.write_thread_slow_yield_usec: 3
2022/05/04-20:32:37.342450 7fca9719ccc0                               Options.row_cache: None
2022/05/04-20:32:37.342450 7fca9719ccc0                              Options.wal_filter: None
2022/05/04-20:32:37.342451 7fca9719ccc0             Options.avoid_flush_during_recovery: 0
2022/05/04-20:32:37.342452 7fca9719ccc0             Options.allow_ingest_behind: 0
2022/05/04-20:32:37.342453 7fca9719ccc0             Options.preserve_deletes: 0
2022/05/04-20:32:37.342454 7fca9719ccc0             Options.two_write_queues: 0
2022/05/04-20:32:37.342454 7fca9719ccc0             Options.manual_wal_flush: 0
2022/05/04-20:32:37.342455 7fca9719ccc0             Options.atomic_flush: 0
2022/05/04-20:32:37.342456 7fca9719ccc0             Options.avoid_unnecessary_blocking_io: 0
2022/05/04-20:32:37.342456 7fca9719ccc0                 Options.persist_stats_to_disk: 0
2022/05/04-20:32:37.342457 7fca9719ccc0                 Options.write_dbid_to_manifest: 0
2022/05/04-20:32:37.342458 7fca9719ccc0                 Options.log_readahead_size: 0
2022/05/04-20:32:37.342458 7fca9719ccc0                 Options.file_checksum_gen_factory: Unknown
2022/05/04-20:32:37.342459 7fca9719ccc0                 Options.best_efforts_recovery: 0
2022/05/04-20:32:37.342460 7fca9719ccc0                Options.max_bgerror_resume_count: 2147483647
2022/05/04-20:32:37.342461 7fca9719ccc0            Options.bgerror_resume_retry_interval: 1000000
2022/05/04-20:32:37.342462 7fca9719ccc0             Options.allow_data_in_errors: 0
2022/05/04-20:32:37.342462 7fca9719ccc0             Options.db_host_id: __hostname__
2022/05/04-20:32:37.342463 7fca9719ccc0             Options.max_background_jobs: 2
2022/05/04-20:32:37.342464 7fca9719ccc0             Options.max_background_compactions: -1
2022/05/04-20:32:37.342464 7fca9719ccc0             Options.max_subcompactions: 1
2022/05/04-20:32:37.342465 7fca9719ccc0             Options.avoid_flush_during_shutdown: 0
2022/05/04-20:32:37.342466 7fca9719ccc0           Options.writable_file_max_buffer_size: 1048576
2022/05/04-20:32:37.342467 7fca9719ccc0             Options.delayed_write_rate : 16777216
2022/05/04-20:32:37.342467 7fca9719ccc0             Options.max_total_wal_size: 0
2022/05/04-20:32:37.342468 7fca9719ccc0             Options.delete_obsolete_files_period_micros: 21600000000
2022/05/04-20:32:37.342469 7fca9719ccc0                   Options.stats_dump_period_sec: 600
2022/05/04-20:32:37.342470 7fca9719ccc0                 Options.stats_persist_period_sec: 600
2022/05/04-20:32:37.342470 7fca9719ccc0                 Options.stats_history_buffer_size: 1048576
2022/05/04-20:32:37.342471 7fca9719ccc0                          Options.max_open_files: -1
2022/05/04-20:32:37.342472 7fca9719ccc0                          Options.bytes_per_sync: 0
2022/05/04-20:32:37.342473 7fca9719ccc0                      Options.wal_bytes_per_sync: 0
2022/05/04-20:32:37.342473 7fca9719ccc0                   Options.strict_bytes_per_sync: 0
2022/05/04-20:32:37.342474 7fca9719ccc0       Options.compaction_readahead_size: 0
2022/05/04-20:32:37.342475 7fca9719ccc0                  Options.max_background_flushes: -1
2022/05/04-20:32:37.342475 7fca9719ccc0 Compression algorithms supported:
2022/05/04-20:32:37.342481 7fca9719ccc0 	kZSTDNotFinalCompression supported: 1
2022/05/04-20:32:37.342483 7fca9719ccc0 	kZSTD supported: 1
2022/05/04-20:32:37.342484 7fca9719ccc0 	kXpressCompression supported: 0
2022/05/04-20:32:37.342484 7fca9719ccc0 	kLZ4HCCompression supported: 1
2022/05/04-20:32:37.342485 7fca9719ccc0 	kLZ4Compression supported: 1
2022/05/04-20:32:37.342486 7fca9719ccc0 	kBZip2Compression supported: 1
2022/05/04-20:32:37.342487 7fca9719ccc0 	kZlibCompression supported: 1
2022/05/04-20:32:37.342488 7fca9719ccc0 	kSnappyCompression supported: 1
2022/05/04-20:32:37.342490 7fca9719ccc0 Fast CRC32 supported: Supported on x86
2022/05/04-20:32:37.347677 7fca9719ccc0 [db/db_impl/db_impl_open.cc:283] Creating manifest 1 
2022/05/04-20:32:37.368043 7fca9719ccc0 [db/version_set.cc:4758] Recovering from manifest file: /home/capuzr/Documents/PrixerappW3/prixer-fe/.dfx/state/replicated_state/node-100/ic_consensus_pool/certification/MANIFEST-000001
2022/05/04-20:32:37.368426 7fca9719ccc0 [db/column_family.cc:595] --------------- Options for column family [default]:
2022/05/04-20:32:37.368439 7fca9719ccc0               Options.comparator: leveldb.BytewiseComparator
2022/05/04-20:32:37.368444 7fca9719ccc0           Options.merge_operator: None
2022/05/04-20:32:37.368451 7fca9719ccc0        Options.compaction_filter: None
2022/05/04-20:32:37.368456 7fca9719ccc0        Options.compaction_filter_factory: None
2022/05/04-20:32:37.368460 7fca9719ccc0  Options.sst_partitioner_factory: None
2022/05/04-20:32:37.368464 7fca9719ccc0         Options.memtable_factory: SkipListFactory
2022/05/04-20:32:37.368468 7fca9719ccc0            Options.table_factory: BlockBasedTable
2022/05/04-20:32:37.368523 7fca9719ccc0            table_factory options:   flush_block_policy_factory: FlushBlockBySizePolicyFactory (0x560cbb1946f0)
  cache_index_and_filter_blocks: 0
  cache_index_and_filter_blocks_with_high_priority: 1
  pin_l0_filter_and_index_blocks_in_cache: 0
  pin_top_level_index_and_filter: 1
  index_type: 0
  data_block_index_type: 0
  index_shortening: 1
  data_block_hash_table_util_ratio: 0.750000
  hash_index_allow_collision: 1
  checksum: 1
  no_block_cache: 0
  block_cache: 0x560cbb1ef590
  block_cache_name: LRUCache
  block_cache_options:
    capacity : 8388608
    num_shard_bits : 4
    strict_capacity_limit : 0
    memory_allocator : None
    high_pri_pool_ratio: 0.000
  block_cache_compressed: (nil)
  persistent_cache: (nil)
  block_size: 4096
  block_size_deviation: 10
  block_restart_interval: 16
  index_block_restart_interval: 1
  metadata_block_size: 4096
  partition_filters: 0
  use_delta_encoding: 1
  filter_policy: nullptr
  whole_key_filtering: 1
  verify_compression: 0
  read_amp_bytes_per_bit: 0
  format_version: 4
  enable_index_compression: 1
  block_align: 0
2022/05/04-20:32:37.368527 7fca9719ccc0        Options.write_buffer_size: 67108864
2022/05/04-20:32:37.368530 7fca9719ccc0  Options.max_write_buffer_number: 2
2022/05/04-20:32:37.368533 7fca9719ccc0          Options.compression: Snappy
2022/05/04-20:32:37.368536 7fca9719ccc0                  Options.bottommost_compression: Disabled
2022/05/04-20:32:37.368538 7fca9719ccc0       Options.prefix_extractor: nullptr
2022/05/04-20:32:37.368541 7fca9719ccc0   Options.memtable_insert_with_hint_prefix_extractor: nullptr
2022/05/04-20:32:37.368543 7fca9719ccc0             Options.num_levels: 7
2022/05/04-20:32:37.368546 7fca9719ccc0        Options.min_write_buffer_number_to_merge: 1
2022/05/04-20:32:37.368548 7fca9719ccc0     Options.max_write_buffer_number_to_maintain: 0
2022/05/04-20:32:37.368550 7fca9719ccc0     Options.max_write_buffer_size_to_maintain: 0
2022/05/04-20:32:37.368553 7fca9719ccc0            Options.bottommost_compression_opts.window_bits: -14
2022/05/04-20:32:37.368556 7fca9719ccc0                  Options.bottommost_compression_opts.level: 32767
2022/05/04-20:32:37.368558 7fca9719ccc0               Options.bottommost_compression_opts.strategy: 0
2022/05/04-20:32:37.368561 7fca9719ccc0         Options.bottommost_compression_opts.max_dict_bytes: 0
2022/05/04-20:32:37.368605 7fca9719ccc0         Options.bottommost_compression_opts.zstd_max_train_bytes: 0
2022/05/04-20:32:37.368608 7fca9719ccc0         Options.bottommost_compression_opts.parallel_threads: 1
2022/05/04-20:32:37.368611 7fca9719ccc0                  Options.bottommost_compression_opts.enabled: false
2022/05/04-20:32:37.368613 7fca9719ccc0            Options.compression_opts.window_bits: -14
2022/05/04-20:32:37.368616 7fca9719ccc0                  Options.compression_opts.level: 32767
2022/05/04-20:32:37.368618 7fca9719ccc0               Options.compression_opts.strategy: 0
2022/05/04-20:32:37.368620 7fca9719ccc0         Options.compression_opts.max_dict_bytes: 0
2022/05/04-20:32:37.368623 7fca9719ccc0         Options.compression_opts.zstd_max_train_bytes: 0
2022/05/04-20:32:37.368625 7fca9719ccc0         Options.compression_opts.parallel_threads: 1
2022/05/04-20:32:37.368628 7fca9719ccc0                  Options.compression_opts.enabled: false
2022/05/04-20:32:37.368630 7fca9719ccc0      Options.level0_file_num_compaction_trigger: 4
2022/05/04-20:32:37.368633 7fca9719ccc0          Options.level0_slowdown_writes_trigger: 20
2022/05/04-20:32:37.368635 7fca9719ccc0              Options.level0_stop_writes_trigger: 36
2022/05/04-20:32:37.368638 7fca9719ccc0                   Options.target_file_size_base: 67108864
2022/05/04-20:32:37.368640 7fca9719ccc0             Options.target_file_size_multiplier: 1
2022/05/04-20:32:37.368643 7fca9719ccc0                Options.max_bytes_for_level_base: 268435456
2022/05/04-20:32:37.368645 7fca9719ccc0 Options.level_compaction_dynamic_level_bytes: 0
2022/05/04-20:32:37.368648 7fca9719ccc0          Options.max_bytes_for_level_multiplier: 10.000000
2022/05/04-20:32:37.368654 7fca9719ccc0 Options.max_bytes_for_level_multiplier_addtl[0]: 1
2022/05/04-20:32:37.368657 7fca9719ccc0 Options.max_bytes_for_level_multiplier_addtl[1]: 1
2022/05/04-20:32:37.368660 7fca9719ccc0 Options.max_bytes_for_level_multiplier_addtl[2]: 1
2022/05/04-20:32:37.368662 7fca9719ccc0 Options.max_bytes_for_level_multiplier_addtl[3]: 1
2022/05/04-20:32:37.368664 7fca9719ccc0 Options.max_bytes_for_level_multiplier_addtl[4]: 1
2022/05/04-20:32:37.368667 7fca9719ccc0 Options.max_bytes_for_level_multiplier_addtl[5]: 1
2022/05/04-20:32:37.368669 7fca9719ccc0 Options.max_bytes_for_level_multiplier_addtl[6]: 1
2022/05/04-20:32:37.368672 7fca9719ccc0       Options.max_sequential_skip_in_iterations: 8
2022/05/04-20:32:37.368674 7fca9719ccc0                    Options.max_compaction_bytes: 1677721600
2022/05/04-20:32:37.368677 7fca9719ccc0                        Options.arena_block_size: 8388608
2022/05/04-20:32:37.368679 7fca9719ccc0   Options.soft_pending_compaction_bytes_limit: 68719476736
2022/05/04-20:32:37.368682 7fca9719ccc0   Options.hard_pending_compaction_bytes_limit: 274877906944
2022/05/04-20:32:37.368684 7fca9719ccc0       Options.rate_limit_delay_max_milliseconds: 100
2022/05/04-20:32:37.368687 7fca9719ccc0                Options.disable_auto_compactions: 0
2022/05/04-20:32:37.368691 7fca9719ccc0                        Options.compaction_style: kCompactionStyleLevel
2022/05/04-20:32:37.368694 7fca9719ccc0                          Options.compaction_pri: kMinOverlappingRatio
2022/05/04-20:32:37.368696 7fca9719ccc0 Options.compaction_options_universal.size_ratio: 1
2022/05/04-20:32:37.368699 7fca9719ccc0 Options.compaction_options_universal.min_merge_width: 2
2022/05/04-20:32:37.368701 7fca9719ccc0 Options.compaction_options_universal.max_merge_width: 4294967295
2022/05/04-20:32:37.368704 7fca9719ccc0 Options.compaction_options_universal.max_size_amplification_percent: 200
2022/05/04-20:32:37.368707 7fca9719ccc0 Options.compaction_options_universal.compression_size_percent: -1
2022/05/04-20:32:37.368711 7fca9719ccc0 Options.compaction_options_universal.stop_style: kCompactionStopStyleTotalSize
2022/05/04-20:32:37.368714 7fca9719ccc0 Options.compaction_options_fifo.max_table_files_size: 1073741824
2022/05/04-20:32:37.368716 7fca9719ccc0 Options.compaction_options_fifo.allow_compaction: 0
2022/05/04-20:32:37.368744 7fca9719ccc0                   Options.table_properties_collectors: 
2022/05/04-20:32:37.368748 7fca9719ccc0                   Options.inplace_update_support: 0
2022/05/04-20:32:37.368750 7fca9719ccc0                 Options.inplace_update_num_locks: 10000
2022/05/04-20:32:37.368753 7fca9719ccc0               Options.memtable_prefix_bloom_size_ratio: 0.000000
2022/05/04-20:32:37.368756 7fca9719ccc0               Options.memtable_whole_key_filtering: 0
2022/05/04-20:32:37.368759 7fca9719ccc0   Options.memtable_huge_page_size: 0
2022/05/04-20:32:37.368761 7fca9719ccc0                           Options.bloom_locality: 0
2022/05/04-20:32:37.368764 7fca9719ccc0                    Options.max_successive_merges: 0
2022/05/04-20:32:37.368766 7fca9719ccc0                Options.optimize_filters_for_hits: 0
2022/05/04-20:32:37.368769 7fca9719ccc0                Options.paranoid_file_checks: 0
2022/05/04-20:32:37.368771 7fca9719ccc0                Options.force_consistency_checks: 1
2022/05/04-20:32:37.368773 7fca9719ccc0                Options.report_bg_io_stats: 0
2022/05/04-20:32:37.368776 7fca9719ccc0                               Options.ttl: 2592000
2022/05/04-20:32:37.368778 7fca9719ccc0          Options.periodic_compaction_seconds: 0
2022/05/04-20:32:37.368781 7fca9719ccc0                    Options.enable_blob_files: false
2022/05/04-20:32:37.368783 7fca9719ccc0                        Options.min_blob_size: 0
2022/05/04-20:32:37.368785 7fca9719ccc0                       Options.blob_file_size: 268435456
2022/05/04-20:32:37.368788 7fca9719ccc0                Options.blob_compression_type: NoCompression
2022/05/04-20:32:37.368791 7fca9719ccc0       Options.enable_blob_garbage_collection: false
2022/05/04-20:32:37.368793 7fca9719ccc0   Options.blob_garbage_collection_age_cutoff: 0.250000
2022/05/04-20:32:37.370786 7fca9719ccc0 [db/version_set.cc:4798] Recovered from manifest file:/home/capuzr/Documents/PrixerappW3/prixer-fe/.dfx/state/replicated_state/node-100/ic_consensus_pool/certification/MANIFEST-000001 succeeded,manifest_file_number is 1, next_file_number is 3, last_sequence is 0, log_number is 0,prev_log_number is 0,max_column_family is 0,min_log_number_to_keep is 0
2022/05/04-20:32:37.370802 7fca9719ccc0 [db/version_set.cc:4813] Column family [default] (ID 0), log number is 0
2022/05/04-20:32:37.371015 7fca9719ccc0 [db/version_set.cc:4112] Creating manifest 3
2022/05/04-20:32:37.391764 7fca9719ccc0 [db/column_family.cc:595] --------------- Options for column family [CE]:
2022/05/04-20:32:37.391793 7fca9719ccc0               Options.comparator: leveldb.BytewiseComparator
2022/05/04-20:32:37.391799 7fca9719ccc0           Options.merge_operator: None
2022/05/04-20:32:37.391806 7fca9719ccc0        Options.compaction_filter: filter_outdated
2022/05/04-20:32:37.391811 7fca9719ccc0        Options.compaction_filter_factory: None
2022/05/04-20:32:37.391815 7fca9719ccc0  Options.sst_partitioner_factory: None
2022/05/04-20:32:37.391820 7fca9719ccc0         Options.memtable_factory: SkipListFactory
2022/05/04-20:32:37.391824 7fca9719ccc0            Options.table_factory: BlockBasedTable
2022/05/04-20:32:37.391918 7fca9719ccc0            table_factory options:   flush_block_policy_factory: FlushBlockBySizePolicyFactory (0x560cbb19b7c0)
  cache_index_and_filter_blocks: 0
  cache_index_and_filter_blocks_with_high_priority: 1
  pin_l0_filter_and_index_blocks_in_cache: 0
  pin_top_level_index_and_filter: 1
  index_type: 0
  data_block_index_type: 0
  index_shortening: 1
  data_block_hash_table_util_ratio: 0.750000
  hash_index_allow_collision: 1
  checksum: 1
  no_block_cache: 0
  block_cache: 0x560cbb0b2750
  block_cache_name: LRUCache
  block_cache_options:
    capacity : 8388608
    num_shard_bits : 4
    strict_capacity_limit : 0
    memory_allocator : None
    high_pri_pool_ratio: 0.000
  block_cache_compressed: (nil)
  persistent_cache: (nil)
  block_size: 4096
  block_size_deviation: 10
  block_restart_interval: 16
  index_block_restart_interval: 1
  metadata_block_size: 4096
  partition_filters: 0
  use_delta_encoding: 1
  filter_policy: nullptr
  whole_key_filtering: 1
  verify_compression: 0
  read_amp_bytes_per_bit: 0
  format_version: 4
  enable_index_compression: 1
  block_align: 0
2022/05/04-20:32:37.391927 7fca9719ccc0        Options.write_buffer_size: 67108864
2022/05/04-20:32:37.391932 7fca9719ccc0  Options.max_write_buffer_number: 2
2022/05/04-20:32:37.391937 7fca9719ccc0          Options.compression: NoCompression
2022/05/04-20:32:37.391941 7fca9719ccc0                  Options.bottommost_compression: Disabled
2022/05/04-20:32:37.391946 7fca9719ccc0       Options.prefix_extractor: nullptr
2022/05/04-20:32:37.391951 7fca9719ccc0   Options.memtable_insert_with_hint_prefix_extractor: nullptr
2022/05/04-20:32:37.391956 7fca9719ccc0             Options.num_levels: 7
2022/05/04-20:32:37.391960 7fca9719ccc0        Options.min_write_buffer_number_to_merge: 1
2022/05/04-20:32:37.391963 7fca9719ccc0     Options.max_write_buffer_number_to_maintain: 0
2022/05/04-20:32:37.391968 7fca9719ccc0     Options.max_write_buffer_size_to_maintain: 0
2022/05/04-20:32:37.391972 7fca9719ccc0            Options.bottommost_compression_opts.window_bits: -14
2022/05/04-20:32:37.391976 7fca9719ccc0                  Options.bottommost_compression_opts.level: 32767
2022/05/04-20:32:37.391981 7fca9719ccc0               Options.bottommost_compression_opts.strategy: 0
2022/05/04-20:32:37.391985 7fca9719ccc0         Options.bottommost_compression_opts.max_dict_bytes: 0
2022/05/04-20:32:37.391988 7fca9719ccc0         Options.bottommost_compression_opts.zstd_max_train_bytes: 0
2022/05/04-20:32:37.391992 7fca9719ccc0         Options.bottommost_compression_opts.parallel_threads: 1
2022/05/04-20:32:37.391995 7fca9719ccc0                  Options.bottommost_compression_opts.enabled: false
2022/05/04-20:32:37.391999 7fca9719ccc0            Options.compression_opts.window_bits: -14
2022/05/04-20:32:37.392005 7fca9719ccc0                  Options.compression_opts.level: 32767
2022/05/04-20:32:37.392009 7fca9719ccc0               Options.compression_opts.strategy: 0
2022/05/04-20:32:37.392012 7fca9719ccc0         Options.compression_opts.max_dict_bytes: 0
2022/05/04-20:32:37.392017 7fca9719ccc0         Options.compression_opts.zstd_max_train_bytes: 0
2022/05/04-20:32:37.392023 7fca9719ccc0         Options.compression_opts.parallel_threads: 1
2022/05/04-20:32:37.392027 7fca9719ccc0                  Options.compression_opts.enabled: false
2022/05/04-20:32:37.392102 7fca9719ccc0      Options.level0_file_num_compaction_trigger: 4
2022/05/04-20:32:37.392108 7fca9719ccc0          Options.level0_slowdown_writes_trigger: 20
2022/05/04-20:32:37.392112 7fca9719ccc0              Options.level0_stop_writes_trigger: 36
2022/05/04-20:32:37.392116 7fca9719ccc0                   Options.target_file_size_base: 67108864
2022/05/04-20:32:37.392120 7fca9719ccc0             Options.target_file_size_multiplier: 1
2022/05/04-20:32:37.392124 7fca9719ccc0                Options.max_bytes_for_level_base: 268435456
2022/05/04-20:32:37.392129 7fca9719ccc0 Options.level_compaction_dynamic_level_bytes: 0
2022/05/04-20:32:37.392133 7fca9719ccc0          Options.max_bytes_for_level_multiplier: 10.000000
2022/05/04-20:32:37.392143 7fca9719ccc0 Options.max_bytes_for_level_multiplier_addtl[0]: 1
2022/05/04-20:32:37.392149 7fca9719ccc0 Options.max_bytes_for_level_multiplier_addtl[1]: 1
2022/05/04-20:32:37.392153 7fca9719ccc0 Options.max_bytes_for_level_multiplier_addtl[2]: 1
2022/05/04-20:32:37.392157 7fca9719ccc0 Options.max_bytes_for_level_multiplier_addtl[3]: 1
2022/05/04-20:32:37.392163 7fca9719ccc0 Options.max_bytes_for_level_multiplier_addtl[4]: 1
2022/05/04-20:32:37.392167 7fca9719ccc0 Options.max_bytes_for_level_multiplier_addtl[5]: 1
2022/05/04-20:32:37.392171 7fca9719ccc0 Options.max_bytes_for_level_multiplier_addtl[6]: 1
2022/05/04-20:32:37.392176 7fca9719ccc0       Options.max_sequential_skip_in_iterations: 8
2022/05/04-20:32:37.392181 7fca9719ccc0                    Options.max_compaction_bytes: 1677721600
2022/05/04-20:32:37.392187 7fca9719ccc0                        Options.arena_block_size: 8388608
2022/05/04-20:32:37.392192 7fca9719ccc0   Options.soft_pending_compaction_bytes_limit: 68719476736
2022/05/04-20:32:37.392197 7fca9719ccc0   Options.hard_pending_compaction_bytes_limit: 274877906944
2022/05/04-20:32:37.392201 7fca9719ccc0       Options.rate_limit_delay_max_milliseconds: 100
2022/05/04-20:32:37.392206 7fca9719ccc0                Options.disable_auto_compactions: 1
2022/05/04-20:32:37.392214 7fca9719ccc0                        Options.compaction_style: kCompactionStyleLevel
2022/05/04-20:32:37.392218 7fca9719ccc0                          Options.compaction_pri: kMinOverlappingRatio
2022/05/04-20:32:37.392222 7fca9719ccc0 Options.compaction_options_universal.size_ratio: 1
2022/05/04-20:32:37.392226 7fca9719ccc0 Options.compaction_options_universal.min_merge_width: 2
2022/05/04-20:32:37.392230 7fca9719ccc0 Options.compaction_options_universal.max_merge_width: 4294967295
2022/05/04-20:32:37.392234 7fca9719ccc0 Options.compaction_options_universal.max_size_amplification_percent: 200
2022/05/04-20:32:37.392237 7fca9719ccc0 Options.compaction_options_universal.compression_size_percent: -1
2022/05/04-20:32:37.392243 7fca9719ccc0 Options.compaction_options_universal.stop_style: kCompactionStopStyleTotalSize
2022/05/04-20:32:37.392247 7fca9719ccc0 Options.compaction_options_fifo.max_table_files_size: 1073741824
2022/05/04-20:32:37.392251 7fca9719ccc0 Options.compaction_options_fifo.allow_compaction: 0
2022/05/04-20:32:37.392266 7fca9719ccc0                   Options.table_properties_collectors: 
2022/05/04-20:32:37.392271 7fca9719ccc0                   Options.inplace_update_support: 0
2022/05/04-20:32:37.392274 7fca9719ccc0                 Options.inplace_update_num_locks: 10000
2022/05/04-20:32:37.392279 7fca9719ccc0               Options.memtable_prefix_bloom_size_ratio: 0.000000
2022/05/04-20:32:37.392285 7fca9719ccc0               Options.memtable_whole_key_filtering: 0
2022/05/04-20:32:37.392290 7fca9719ccc0   Options.memtable_huge_page_size: 0
2022/05/04-20:32:37.392294 7fca9719ccc0                           Options.bloom_locality: 0
2022/05/04-20:32:37.392299 7fca9719ccc0                    Options.max_successive_merges: 0
2022/05/04-20:32:37.392303 7fca9719ccc0                Options.optimize_filters_for_hits: 0
2022/05/04-20:32:37.392306 7fca9719ccc0                Options.paranoid_file_checks: 0
2022/05/04-20:32:37.392310 7fca9719ccc0                Options.force_consistency_checks: 1
2022/05/04-20:32:37.392346 7fca9719ccc0                Options.report_bg_io_stats: 0
2022/05/04-20:32:37.392352 7fca9719ccc0                               Options.ttl: 2592000
2022/05/04-20:32:37.392356 7fca9719ccc0          Options.periodic_compaction_seconds: 2592000
2022/05/04-20:32:37.392360 7fca9719ccc0                    Options.enable_blob_files: false
2022/05/04-20:32:37.392365 7fca9719ccc0                        Options.min_blob_size: 0
2022/05/04-20:32:37.392369 7fca9719ccc0                       Options.blob_file_size: 268435456
2022/05/04-20:32:37.392374 7fca9719ccc0                Options.blob_compression_type: NoCompression
2022/05/04-20:32:37.392378 7fca9719ccc0       Options.enable_blob_garbage_collection: false
2022/05/04-20:32:37.392382 7fca9719ccc0   Options.blob_garbage_collection_age_cutoff: 0.250000
2022/05/04-20:32:37.392508 7fca9719ccc0 [db/db_impl/db_impl.cc:2654] Created column family [CE] (ID 1)
2022/05/04-20:32:37.404208 7fca9719ccc0 [db/column_family.cc:595] --------------- Options for column family [CES]:
2022/05/04-20:32:37.404231 7fca9719ccc0               Options.comparator: leveldb.BytewiseComparator
2022/05/04-20:32:37.404237 7fca9719ccc0           Options.merge_operator: None
2022/05/04-20:32:37.404243 7fca9719ccc0        Options.compaction_filter: filter_outdated
2022/05/04-20:32:37.404247 7fca9719ccc0        Options.compaction_filter_factory: None
2022/05/04-20:32:37.404251 7fca9719ccc0  Options.sst_partitioner_factory: None
2022/05/04-20:32:37.404255 7fca9719ccc0         Options.memtable_factory: SkipListFactory
2022/05/04-20:32:37.404259 7fca9719ccc0            Options.table_factory: BlockBasedTable
2022/05/04-20:32:37.404375 7fca9719ccc0            table_factory options:   flush_block_policy_factory: FlushBlockBySizePolicyFactory (0x560cbb0c44e0)
  cache_index_and_filter_blocks: 0
  cache_index_and_filter_blocks_with_high_priority: 1
  pin_l0_filter_and_index_blocks_in_cache: 0
  pin_top_level_index_and_filter: 1
  index_type: 0
  data_block_index_type: 0
  index_shortening: 1
  data_block_hash_table_util_ratio: 0.750000
  hash_index_allow_collision: 1
  checksum: 1
  no_block_cache: 0
  block_cache: 0x560cbb0ed230
  block_cache_name: LRUCache
  block_cache_options:
    capacity : 8388608
    num_shard_bits : 4
    strict_capacity_limit : 0
    memory_allocator : None
    high_pri_pool_ratio: 0.000
  block_cache_compressed: (nil)
  persistent_cache: (nil)
  block_size: 4096
  block_size_deviation: 10
  block_restart_interval: 16
  index_block_restart_interval: 1
  metadata_block_size: 4096
  partition_filters: 0
  use_delta_encoding: 1
  filter_policy: nullptr
  whole_key_filtering: 1
  verify_compression: 0
  read_amp_bytes_per_bit: 0
  format_version: 4
  enable_index_compression: 1
  block_align: 0
2022/05/04-20:32:37.404381 7fca9719ccc0        Options.write_buffer_size: 67108864
2022/05/04-20:32:37.404387 7fca9719ccc0  Options.max_write_buffer_number: 2
2022/05/04-20:32:37.404392 7fca9719ccc0          Options.compression: NoCompression
2022/05/04-20:32:37.404396 7fca9719ccc0                  Options.bottommost_compression: Disabled
2022/05/04-20:32:37.404400 7fca9719ccc0       Options.prefix_extractor: nullptr
2022/05/04-20:32:37.404404 7fca9719ccc0   Options.memtable_insert_with_hint_prefix_extractor: nullptr
2022/05/04-20:32:37.404408 7fca9719ccc0             Options.num_levels: 7
2022/05/04-20:32:37.404412 7fca9719ccc0        Options.min_write_buffer_number_to_merge: 1
2022/05/04-20:32:37.404417 7fca9719ccc0     Options.max_write_buffer_number_to_maintain: 0
2022/05/04-20:32:37.404419 7fca9719ccc0     Options.max_write_buffer_size_to_maintain: 0
2022/05/04-20:32:37.404422 7fca9719ccc0            Options.bottommost_compression_opts.window_bits: -14
2022/05/04-20:32:37.404425 7fca9719ccc0                  Options.bottommost_compression_opts.level: 32767
2022/05/04-20:32:37.404428 7fca9719ccc0               Options.bottommost_compression_opts.strategy: 0
2022/05/04-20:32:37.404430 7fca9719ccc0         Options.bottommost_compression_opts.max_dict_bytes: 0
2022/05/04-20:32:37.404432 7fca9719ccc0         Options.bottommost_compression_opts.zstd_max_train_bytes: 0
2022/05/04-20:32:37.404435 7fca9719ccc0         Options.bottommost_compression_opts.parallel_threads: 1
2022/05/04-20:32:37.404437 7fca9719ccc0                  Options.bottommost_compression_opts.enabled: false
2022/05/04-20:32:37.404440 7fca9719ccc0            Options.compression_opts.window_bits: -14
2022/05/04-20:32:37.404443 7fca9719ccc0                  Options.compression_opts.level: 32767
2022/05/04-20:32:37.404445 7fca9719ccc0               Options.compression_opts.strategy: 0
2022/05/04-20:32:37.404447 7fca9719ccc0         Options.compression_opts.max_dict_bytes: 0
2022/05/04-20:32:37.404450 7fca9719ccc0         Options.compression_opts.zstd_max_train_bytes: 0
2022/05/04-20:32:37.404452 7fca9719ccc0         Options.compression_opts.parallel_threads: 1
2022/05/04-20:32:37.404454 7fca9719ccc0                  Options.compression_opts.enabled: false
2022/05/04-20:32:37.404492 7fca9719ccc0      Options.level0_file_num_compaction_trigger: 4
2022/05/04-20:32:37.404495 7fca9719ccc0          Options.level0_slowdown_writes_trigger: 20
2022/05/04-20:32:37.404497 7fca9719ccc0              Options.level0_stop_writes_trigger: 36
2022/05/04-20:32:37.404500 7fca9719ccc0                   Options.target_file_size_base: 67108864
2022/05/04-20:32:37.404502 7fca9719ccc0             Options.target_file_size_multiplier: 1
2022/05/04-20:32:37.404505 7fca9719ccc0                Options.max_bytes_for_level_base: 268435456
2022/05/04-20:32:37.404507 7fca9719ccc0 Options.level_compaction_dynamic_level_bytes: 0
2022/05/04-20:32:37.404510 7fca9719ccc0          Options.max_bytes_for_level_multiplier: 10.000000
2022/05/04-20:32:37.404516 7fca9719ccc0 Options.max_bytes_for_level_multiplier_addtl[0]: 1
2022/05/04-20:32:37.404519 7fca9719ccc0 Options.max_bytes_for_level_multiplier_addtl[1]: 1
2022/05/04-20:32:37.404522 7fca9719ccc0 Options.max_bytes_for_level_multiplier_addtl[2]: 1
2022/05/04-20:32:37.404524 7fca9719ccc0 Options.max_bytes_for_level_multiplier_addtl[3]: 1
2022/05/04-20:32:37.404527 7fca9719ccc0 Options.max_bytes_for_level_multiplier_addtl[4]: 1
2022/05/04-20:32:37.404529 7fca9719ccc0 Options.max_bytes_for_level_multiplier_addtl[5]: 1
2022/05/04-20:32:37.404533 7fca9719ccc0 Options.max_bytes_for_level_multiplier_addtl[6]: 1
2022/05/04-20:32:37.404537 7fca9719ccc0       Options.max_sequential_skip_in_iterations: 8
2022/05/04-20:32:37.404541 7fca9719ccc0                    Options.max_compaction_bytes: 1677721600
2022/05/04-20:32:37.404545 7fca9719ccc0                        Options.arena_block_size: 8388608
2022/05/04-20:32:37.404550 7fca9719ccc0   Options.soft_pending_compaction_bytes_limit: 68719476736
2022/05/04-20:32:37.404553 7fca9719ccc0   Options.hard_pending_compaction_bytes_limit: 274877906944
2022/05/04-20:32:37.404558 7fca9719ccc0       Options.rate_limit_delay_max_milliseconds: 100
2022/05/04-20:32:37.404562 7fca9719ccc0                Options.disable_auto_compactions: 1
2022/05/04-20:32:37.404568 7fca9719ccc0                        Options.compaction_style: kCompactionStyleLevel
2022/05/04-20:32:37.404572 7fca9719ccc0                          Options.compaction_pri: kMinOverlappingRatio
2022/05/04-20:32:37.404576 7fca9719ccc0 Options.compaction_options_universal.size_ratio: 1
2022/05/04-20:32:37.404579 7fca9719ccc0 Options.compaction_options_universal.min_merge_width: 2
2022/05/04-20:32:37.404583 7fca9719ccc0 Options.compaction_options_universal.max_merge_width: 4294967295
2022/05/04-20:32:37.404586 7fca9719ccc0 Options.compaction_options_universal.max_size_amplification_percent: 200
2022/05/04-20:32:37.404590 7fca9719ccc0 Options.compaction_options_universal.compression_size_percent: -1
2022/05/04-20:32:37.404595 7fca9719ccc0 Options.compaction_options_universal.stop_style: kCompactionStopStyleTotalSize
2022/05/04-20:32:37.404599 7fca9719ccc0 Options.compaction_options_fifo.max_table_files_size: 1073741824
2022/05/04-20:32:37.404602 7fca9719ccc0 Options.compaction_options_fifo.allow_compaction: 0
2022/05/04-20:32:37.404618 7fca9719ccc0                   Options.table_properties_collectors: 
2022/05/04-20:32:37.404622 7fca9719ccc0                   Options.inplace_update_support: 0
2022/05/04-20:32:37.404626 7fca9719ccc0                 Options.inplace_update_num_locks: 10000
2022/05/04-20:32:37.404630 7fca9719ccc0               Options.memtable_prefix_bloom_size_ratio: 0.000000
2022/05/04-20:32:37.404635 7fca9719ccc0               Options.memtable_whole_key_filtering: 0
2022/05/04-20:32:37.404639 7fca9719ccc0   Options.memtable_huge_page_size: 0
2022/05/04-20:32:37.404642 7fca9719ccc0                           Options.bloom_locality: 0
2022/05/04-20:32:37.404647 7fca9719ccc0                    Options.max_successive_merges: 0
2022/05/04-20:32:37.404650 7fca9719ccc0                Options.optimize_filters_for_hits: 0
2022/05/04-20:32:37.404654 7fca9719ccc0                Options.paranoid_file_checks: 0
2022/05/04-20:32:37.404658 7fca9719ccc0                Options.force_consistency_checks: 1
2022/05/04-20:32:37.404690 7fca9719ccc0                Options.report_bg_io_stats: 0
2022/05/04-20:32:37.404695 7fca9719ccc0                               Options.ttl: 2592000
2022/05/04-20:32:37.404699 7fca9719ccc0          Options.periodic_compaction_seconds: 2592000
2022/05/04-20:32:37.404702 7fca9719ccc0                    Options.enable_blob_files: false
2022/05/04-20:32:37.404706 7fca9719ccc0                        Options.min_blob_size: 0
2022/05/04-20:32:37.404709 7fca9719ccc0                       Options.blob_file_size: 268435456
2022/05/04-20:32:37.404713 7fca9719ccc0                Options.blob_compression_type: NoCompression
2022/05/04-20:32:37.404717 7fca9719ccc0       Options.enable_blob_garbage_collection: false
2022/05/04-20:32:37.404721 7fca9719ccc0   Options.blob_garbage_collection_age_cutoff: 0.250000
2022/05/04-20:32:37.404892 7fca9719ccc0 [db/db_impl/db_impl.cc:2654] Created column family [CES] (ID 2)
2022/05/04-20:32:37.428526 7fca9719ccc0 [db/db_impl/db_impl_open.cc:1708] SstFileManager instance 0x560cbb1ace50
2022/05/04-20:32:37.428611 7fca9719ccc0 DB pointer 0x560cbb212080
2022/05/04-20:32:40.428925 7fca66ff5700 [db/db_impl/db_impl.cc:927] ------- DUMPING STATS -------
2022/05/04-20:32:40.428992 7fca66ff5700 [db/db_impl/db_impl.cc:929] 
** DB Stats **
Uptime(secs): 3.1 total, 3.1 interval
Cumulative writes: 8 writes, 8 keys, 8 commit groups, 0.9 writes per commit group, ingest: 0.00 GB, 0.00 MB/s
Cumulative WAL: 8 writes, 0 syncs, 8.00 writes per sync, written: 0.00 GB, 0.00 MB/s
Cumulative stall: 00:00:0.000 H:M:S, 0.0 percent
Interval writes: 8 writes, 8 keys, 8 commit groups, 0.9 writes per commit group, ingest: 0.00 MB, 0.00 MB/s
Interval WAL: 8 writes, 0 syncs, 8.00 writes per sync, written: 0.00 MB, 0.00 MB/s
Interval stall: 00:00:0.000 H:M:S, 0.0 percent

** Compaction Stats [default] **
Level    Files   Size     Score Read(GB)  Rn(GB) Rnp1(GB) Write(GB) Wnew(GB) Moved(GB) W-Amp Rd(MB/s) Wr(MB/s) Comp(sec) CompMergeCPU(sec) Comp(cnt) Avg(sec) KeyIn KeyDrop
----------------------------------------------------------------------------------------------------------------------------------------------------------------------------
 Sum      0/0    0.00 KB   0.0      0.0     0.0      0.0       0.0      0.0       0.0   0.0      0.0      0.0      0.00              0.00         0    0.000       0      0
 Int      0/0    0.00 KB   0.0      0.0     0.0      0.0       0.0      0.0       0.0   0.0      0.0      0.0      0.00              0.00         0    0.000       0      0

** Compaction Stats [default] **
Priority    Files   Size     Score Read(GB)  Rn(GB) Rnp1(GB) Write(GB) Wnew(GB) Moved(GB) W-Amp Rd(MB/s) Wr(MB/s) Comp(sec) CompMergeCPU(sec) Comp(cnt) Avg(sec) KeyIn KeyDrop
-------------------------------------------------------------------------------------------------------------------------------------------------------------------------------
Uptime(secs): 3.1 total, 3.1 interval
Flush(GB): cumulative 0.000, interval 0.000
AddFile(GB): cumulative 0.000, interval 0.000
AddFile(Total Files): cumulative 0, interval 0
AddFile(L0 Files): cumulative 0, interval 0
AddFile(Keys): cumulative 0, interval 0
Cumulative compaction: 0.00 GB write, 0.00 MB/s write, 0.00 GB read, 0.00 MB/s read, 0.0 seconds
Interval compaction: 0.00 GB write, 0.00 MB/s write, 0.00 GB read, 0.00 MB/s read, 0.0 seconds
Stalls(count): 0 level0_slowdown, 0 level0_slowdown_with_compaction, 0 level0_numfiles, 0 level0_numfiles_with_compaction, 0 stop for pending_compaction_bytes, 0 slowdown for pending_compaction_bytes, 0 memtable_compaction, 0 memtable_slowdown, interval 0 total count

** File Read Latency Histogram By Level [default] **

